0 1 3931081
0 3 3931081
3 1 3903238
3 4 3903238
3 0 3903238
1 6 3899360
4 1 3848341
4 1 3819702
3 1 3785648
3 4 3785648
3 0 3785648
0 4 3782608
0 3 3782608
0 1 3782608
0 1 3781456
0 4 3781456
0 3 3781456
0 1 3775602
0 4 3775602
0 3 3775602
4 1 3754823
4 1 3750870
4 1 3750720
1 4 3726434
1 4 3678118
1 4 3654591
1 4 3654562
1 4 3653690
1 4 3653663
1 4 3640913
4 1 3637343
1 4 3636806
1 4 3636655
4 1 3636486
1 4 3636441
4 1 3636434
1 4 3633985
1 4 3633964
4 1 3633857
4 1 3633601
1 4 3633412
1 4 3633377
1 4 3632915
1 4 3630444
1 4 3630312
1 4 3629896
4 1 3629895
1 4 3629889
8 6 3626177
1 4 3626177
1 4 3626154
0 3 3615937
18 8 3615707
18 6 3615707
6 12 3615622
1 4 3613388
12 13 3609589
12 8 3609589
13 8 3605696
1 4 3589478
1 4 3589290
1 4 3588748
1 4 3588290
1 21 3588032
1 4 3585770
1 4 3585294
0 3 3584799
1 21 3584593
1 21 3582033
13 8 3578893
1 4 3578859
6 13 3568761
6 8 3568761
8 13 3568387
13 8 3568387
1 4 3568333
1 21 3567263
1 21 3567226
1 21 3564717
6 13 3564586
1 4 3561291
4 1 3561204
1 21 3561046
1 21 3561035
1 4 3560798
1 21 3560441
1 21 3560374
13 8 3558061
1 4 3557235
1 4 3554641
8 13 3554326
1 4 3544308
13 8 3544291
8 13 3544101
6 13 3544027
6 8 3544027
6 13 3543857
1 4 3543522
6 18 3543371
1 4 3543165
18 32 3541048
32 18 3540605
0 3 3540069
1 4 3539984
1 4 3539961
1 4 3539725
1 4 3537367
1 4 3534094
1 4 3534075
4 1 3530037
1 4 3530031
0 3 3529286
1 4 3519301
1 4 3519259
0 3 3516265
1 21 3512652
4 1 3509894
13 6 3509246
6 13 3509246
6 12 3509246
1 21 3488544
8 13 3484462
13 8 3482220
12 8 3482038
0 3 3481974
49 41 3480915
49 54 3480915
49 21 3480915
49 57 3480915
49 25 3480915
49 36 3480915
13 8 3470617
12 8 3467801
30 36 3467183
36 25 3467106
90 65 3464792
90 86 3464792
49 36 3464783
49 36 3464781
49 36 3464773
89 77 3464605
1 4 3464437
77 62 3464213
94 36 3464202
49 36 3464108
3 0 3463809
49 91 3463733
49 91 3463694
62 77 3463672
77 62 3461498
0 28 3461407
0 98 3461407
0 30 3461407
0 89 3461407
94 70 3461283
41 57 3461065
41 57 3461060
41 57 3461051
41 57 3461028
57 41 3460897
0 87 3460729
0 3 3460729
0 37 3460729
0 4 3460729
1 4 3460726
6 13 3460585
6 12 3460585
36 94 3460507
1 4 3460245
1 4 3460237
0 28 3460230
0 98 3460230
0 30 3460230
0 89 3460230
1 21 3460137
25 49 3457892
4 37 3457847
4 3 3457847
3 37 3457838
3 4 3457838
49 25 3457662
36 54 3457118
36 80 3457118
36 25 3457107
57 41 3457007
0 37 3457007
0 4 3457007
36 80 3456939
36 54 3456939
36 54 3456935
36 80 3456935
82 3 3456752
93 70 3454269
93 70 3447595
92 87 3447322
92 87 3447050
92 87 3446746
36 25 3446644
92 87 3446535
92 87 3446474
6 13 3444111
0 37 3444003
0 4 3444003
0 87 3444003
0 3 3444003
36 25 3443676
30 70 3443667
1 21 3443663
25 36 3443658
0 28 3443446
0 98 3443446
0 30 3443446
0 89 3443446
93 28 3443237
92 87 3443176
28 93 3443111
93 28 3443109
28 93 3443091
93 28 3442991
93 28 3442939
93 28 3442937
93 70 3442937
49 91 3442931
57 49 3442917
25 101 3440499
25 57 3440499
25 36 3440499
28 93 3440412
93 28 3440409
90 65 3440369
90 86 3440369
91 49 3440235
49 91 3440076
93 28 3440061
0 37 3440027
0 4 3440027
0 87 3440027
0 3 3440027
28 93 3440002
57 41 3439839
92 90 3439664
93 28 3439597
0 28 3439585
0 30 3439585
0 89 3439585
0 98 3439585
93 28 3439474
93 70 3439474
1 21 3439445
25 36 3437812
70 93 3437406
3 0 3437107
0 87 3437020
0 3 3437020
0 4 3437020
0 37 3437020
92 87 3436947
0 3 3436492
92 87 3436371
30 36 3435868
25 30 3434522
28 93 3434073
93 28 3433831
28 93 3433813
93 28 3433786
8 12 3433645
30 25 3433559
30 36 3433559
30 28 3433559
30 98 3433559
3 4 3433320
4 3 3433315
77 62 3433098
62 77 3432782
41 57 3432714
30 36 3432693
36 25 3432645
25 36 3424058
0 87 3423828
0 3 3423828
0 4 3423828
0 37 3423828
8 12 3422282
12 13 3422281
12 8 3422281
25 36 3422185
0 37 3420402
0 4 3420402
0 87 3420402
0 3 3420402
13 8 3419013
12 13 3418749
77 62 3418736
25 36 3416121
62 77 3415434
0 3 3415411
0 37 3413420
0 4 3413420
0 87 3413420
0 3 3413420
25 101 3412962
25 57 3412962
3 4 3412219
4 82 3412183
4 0 3412183
4 3 3412183
77 62 3412014
92 90 3411933
0 37 3399727
0 4 3399727
0 87 3399727
0 3 3399727
8 13 3398815
12 13 3398767
13 12 3398713
25 36 3398690
12 13 3398387
36 25 3398318
0 3 3396306
0 87 3396306
0 4 3396306
0 37 3396306
89 49 3396150
25 36 3395327
49 89 3395114
41 57 3395090
89 49 3394950
41 57 3394925
25 36 3394573
0 37 3392807
0 4 3392807
0 87 3392807
0 3 3392807
93 113 3392391
93 70 3392391
6 13 3392150
6 12 3392150
49 25 3391939
25 36 3391805
25 49 3391761
1 21 3391090
3 0 3391052
87 93 3389446
0 3 3388756
49 91 3388362
49 91 3388102
25 36 3388016
0 37 3385929
0 4 3385929
0 87 3385929
0 3 3385929
6 13 3385374
6 8 3385374
0 37 3385175
6 12 3384905
6 13 3384869
6 12 3384869
13 12 3384407
0 3 3375335
0 87 3375335
0 4 3375335
0 37 3375335
12 13 3374259
13 12 3374214
49 91 3374124
3 0 3374093
62 77 3373813
49 91 3373738
89 0 3371657
91 49 3371504
49 91 3371199
0 3 3370625
62 77 3370601
0 3 3370593
13 8 3370437
3 4 3370335
49 91 3370247
82 3 3368121
82 0 3368121
3 82 3367900
82 3 3367797
49 25 3367374
49 91 3367315
113 93 3367198
0 4 3364926
0 3 3364926
0 37 3364926
0 87 3364926
98 89 3363681
49 91 3363646
89 0 3361245
6 13 3360802
6 12 3360802
89 98 3360718
49 25 3360621
49 25 3360156
41 57 3360014
49 91 3350240
0 87 3350137
0 3 3350137
0 4 3350137
13 18 3347351
49 91 3346376
49 25 3346260
49 25 3346215
49 91 3346141
0 4 3344137
0 87 3344137
0 3 3344137
18 106 3343969
90 65 3343121
90 86 3343121
90 86 3343022
90 65 3343022
49 91 3342989
90 65 3342861
90 86 3342861
49 91 3342641
94 70 3336570
90 65 3336493
90 86 3336493
49 91 3325979
0 4 3323578
0 87 3323578
0 3 3323578
62 25 3322766
25 77 3322564
25 62 3322564
25 101 3322105
25 57 3322105
25 121 3322105
3 0 3318946
106 113 3318925
28 93 3298707
92 87 3298349
0 82 3298215
0 3 3298215
113 93 3298013
124 120 3295380
93 113 3295219
49 91 3294658
41 57 3294564
8 13 3294457
8 12 3294457
49 91 3290984
49 91 3290943
124 37 3288186
124 120 3288186
6 13 3288007
6 12 3288007
41 57 3287651
28 93 3287481
93 28 3287232
93 28 3278090
28 93 3278087
93 28 3278045
120 124 3277743
93 87 3277538
91 49 3274555
49 91 3274497
120 124 3274427
124 120 3274350
124 120 3274341
49 91 3274302
37 0 3274243
0 37 3274222
49 91 3274105
62 77 3274059
120 124 3273900
0 82 3273737
0 3 3273737
125 41 3273688
125 57 3273688
125 25 3273688
125 36 3273688
62 77 3273645
8 13 3273601
8 13 3273598
8 13 3273545
8 12 3273545
8 6 3273496
8 13 3273486
120 124 3270415
13 8 3270155
30 62 3270039
8 13 3267824
62 30 3267686
0 4 3267391
93 113 3267277
13 8 3263604
98 32 3263582
13 8 3263517
1 21 3263468
93 113 3263460
120 124 3263396
113 93 3263382
93 113 3254121
65 92 3251535
4 37 3251076
92 90 3249983
49 101 3249260
49 57 3249260
49 121 3249260
49 25 3249260
93 113 3246291
30 36 3246235
93 113 3244133
32 98 3243138
98 32 3243136
120 124 3242621
49 91 3239509
49 101 3238935
49 57 3238935
49 121 3238935
49 25 3238935
93 113 3238869
25 49 3238786
93 113 3237264
93 113 3237256
106 70 3236822
93 113 3232847
4 37 3232390
113 93 3229833
120 37 3228992
120 124 3228805
124 120 3226308
92 87 3226289
92 87 3226206
25 49 3226171
32 98 3226048
98 32 3226026
92 87 3225630
62 25 3225464
62 25 3225200
57 101 3222615
25 101 3222281
25 57 3222281
25 121 3222281
13 8 3221896
32 98 3221662
57 41 3219474
13 12 3219200
0 82 3219183
0 3 3219183
0 82 3218955
0 3 3218955
25 101 3218834
25 121 3218834
37 120 3218810
98 32 3218700
32 98 3218595
98 32 3218592
32 98 3218542
0 80 3218504
120 124 3218373
82 0 3218314
82 3 3218314
32 98 3218229
92 87 3216458
49 25 3216309
1 21 3215898
92 87 3215882
92 130 3215773
6 8 3215745
113 93 3215470
25 49 3215366
25 101 3215357
25 121 3215357
41 57 3215057
113 93 3214950
113 93 3214787
49 121 3214690
49 25 3214690
49 57 3214690
49 101 3214690
49 101 3205152
49 120 3205152
49 57 3205152
49 25 3205152
93 113 3198694
0 82 3198097
0 3 3198097
120 49 3198063
124 120 3198032
113 93 3197741
120 124 3197693
113 93 3197680
82 3 3197612
82 0 3197612
82 3 3197603
82 0 3197603
113 93 3197594
49 101 3195770
49 57 3195770
49 121 3195770
49 25 3195770
25 49 3195455
25 101 3195455
25 57 3195455
25 121 3195455
101 25 3195295
124 120 3195278
37 70 3195063
113 93 3195045
93 113 3194987
82 0 3194972
82 3 3194972
25 49 3194964
93 113 3194843
93 113 3194761
8 13 3194691
8 12 3194691
25 57 3194679
25 121 3194679
25 101 3194679
8 12 3194535
8 13 3194535
82 37 3194359
30 36 3194349
93 113 3194288
113 93 3194264
113 93 3194011
93 113 3193910
113 93 3193775
113 93 3192171
93 113 3192011
25 49 3191956
25 121 3191924
25 101 3191924
25 57 3191924
82 37 3191884
25 49 3191640
41 57 3191556
25 101 3191522
25 57 3191522
25 121 3191522
6 13 3191487
6 12 3191487
30 36 3191445
93 113 3191303
0 80 3191244
92 87 3191210
25 101 3191136
93 113 3191016
93 113 3190910
113 93 3190849
49 120 3190784
94 70 3187942
94 70 3187574
93 113 3181634
13 8 3181458
13 12 3181458
3 82 3181353
3 0 3181353
8 12 3181328
8 13 3181328
82 37 3181302
113 106 3181158
107 70 3180712
113 93 3180633
120 49 3180625
124 120 3180605
49 62 3180587
49 120 3180587
49 124 3180587
92 87 3180289
13 8 3180271
93 113 3180038
92 90 3178364
25 36 3178005
82 37 3177948
93 113 3177837
25 49 3177684
25 121 3177684
70 94 3177605
25 101 3177583
8 13 3177549
28 89 3177303
124 120 3177301
113 93 3177090
120 124 3177019
124 120 3176995
120 124 3176899
0 82 3176899
0 3 3176899
93 113 3176770
120 124 3174621
6 13 3174468
6 8 3174468
6 13 3174420
6 8 3174420
28 89 3174368
3 82 3174274
3 0 3174274
3 0 3174211
3 82 3174211
25 101 3174038
25 57 3174038
25 121 3174038
124 120 3173883
41 57 3173786
28 89 3173627
113 93 3173624
25 49 3173523
91 49 3173405
93 113 3173201
93 28 3173188
93 113 3173178
28 93 3173122
94 70 3171342
92 130 3171231
25 62 3170987
62 25 3170979
25 62 3170974
113 93 3170972
62 25 3170850
93 28 3170823
93 113 3170823
49 121 3170388
0 82 3170315
0 3 3170315
121 49 3170264
0 82 3170167
0 3 3170167
70 94 3169998
93 113 3169969
57 41 3169844
93 113 3169785
49 101 3169773
49 57 3169773
49 121 3169773
49 25 3169773
28 89 3167779
107 70 3167569
25 49 3167351
25 36 3167142
25 36 3167138
25 36 3167016
70 37 3166865
70 4 3166865
70 82 3166865
70 94 3166865
70 0 3166865
70 3 3166865
82 0 3166810
82 3 3166810
82 0 3166807
82 3 3166807
13 8 3166639
28 89 3166584
121 49 3166382
49 121 3166376
49 25 3166376
93 113 3166313
121 49 3156978
121 49 3156970
37 124 3156940
93 113 3156765
121 49 3156748
121 49 3156743
93 113 3156578
93 113 3156417
93 113 3156389
93 113 3156385
93 113 3156356
93 113 3155972
93 113 3155937
13 6 3155874
92 87 3154012
87 92 3153985
6 13 3153888
6 12 3153888
41 57 3153682
57 25 3153531
93 113 3153393
93 113 3153321
121 49 3153306
49 121 3153304
121 49 3153292
3 82 3153227
3 0 3153227
57 41 3153106
41 57 3153087
93 113 3152995
124 37 3152969
57 41 3152914
41 57 3152897
41 57 3152863
93 113 3152437
49 25 3152437
49 57 3152437
82 37 3150406
49 121 3150063
93 113 3150039
93 113 3149960
93 113 3149736
49 121 3149519
49 25 3149519
1 49 3149424
0 82 3149162
0 3 3149162
57 49 3149108
57 49 3149073
93 113 3149046
93 113 3149030
82 37 3146924
93 113 3146787
120 124 3146747
82 37 3146693
120 124 3146624
82 0 3146604
82 3 3146604
120 124 3146406
82 0 3146220
82 3 3146220
93 113 3146182
49 25 3145591
49 57 3145591
49 101 3145591
93 113 3143483
93 113 3143457
82 37 3143451
1 49 3143366
93 113 3143226
93 113 3143150
57 41 3143072
41 57 3143007
82 37 3142964
120 124 3142930
25 121 3142765
25 101 3142765
25 57 3142765
120 124 3142678
120 37 3142655
13 8 3142613
49 1 3142599
113 93 3142550
8 13 3142123
13 8 3142096
92 87 3133712
8 13 3133051
93 113 3132928
8 13 3132897
91 49 3132839
8 13 3132808
25 121 3132808
93 113 3132778
101 25 3132758
93 113 3132623
93 113 3132370
113 93 3132322
93 113 3132304
57 41 3132180
57 41 3132165
57 41 3132153
41 57 3132098
93 113 3130119
93 113 3130110
93 113 3129972
93 113 3129864
13 8 3129805
1 49 3129804
93 113 3129444
120 124 3129082
82 37 3128801
1 21 3128527
25 49 3128505
93 113 3128393
120 124 3126178
82 37 3126114
93 113 3125857
57 41 3125567
8 13 3125367
8 12 3125367
82 37 3125242
82 37 3125027
91 49 3125019
49 91 3124984
8 13 3124952
13 8 3124932
113 93 3124886
18 106 3124873
49 21 3124830
49 1 3124830
77 36 3122661
93 113 3122629
93 113 3122598
1 21 3122429
8 13 3122340
82 37 3122305
3 82 3122289
3 0 3122289
91 49 3122199
82 37 3122003
1 21 3121800
57 25 3121677
41 57 3121676
113 93 3121522
90 65 3119436
90 86 3119436
113 93 3119224
37 120 3119207
93 113 3119199
107 106 3119150
93 113 3119081
93 113 3119051
82 37 3119013
6 13 3118616
6 12 3118616
120 124 3118280
90 65 3118183
90 86 3118183
120 25 3118147
120 124 3118147
93 113 3117995
93 113 3117975
86 65 3116910
86 65 3116334
25 101 3115799
25 57 3115799
25 121 3115799
25 57 3115788
25 136 3115788
25 101 3115788
25 121 3115788
25 101 3115763
25 57 3115763
25 121 3115763
25 136 3115763
25 36 3115288
92 87 3108854
92 87 3108799
0 82 3108739
0 3 3108739
93 113 3108685
25 121 3108670
25 136 3108670
25 57 3108670
25 101 3108670
82 0 3108546
82 0 3108518
82 3 3108518
120 124 3108486
113 93 3108431
91 49 3108191
93 113 3107879
36 25 3107847
120 25 3107845
120 124 3107845
93 113 3107785
92 130 3107608
8 13 3105434
120 124 3105425
3 0 3105256
90 65 3105242
90 86 3105242
91 49 3105221
101 57 3105204
93 113 3105191
57 125 3104953
0 82 3104823
25 36 3104770
93 113 3104470
8 13 3104242
62 77 3103964
93 113 3103951
93 113 3102195
86 65 3102182
86 90 3102182
93 113 3102136
13 8 3101762
86 65 3101750
86 90 3101750
124 120 3101282
13 8 3100799
6 106 3100671
6 13 3100614
25 125 3099145
25 125 3099142
28 89 3098604
57 25 3098364
93 113 3098275
0 82 3098071
0 3 3098071
0 82 3098052
0 3 3098052
37 124 3097754
124 37 3097667
124 120 3097574
113 93 3097504
6 13 3097476
91 49 3097464
124 120 3097394
120 124 3097349
120 124 3097311
1 21 3097031
90 65 3095288
90 86 3095288
25 101 3095182
25 57 3095182
25 121 3095182
25 136 3095182
25 121 3094921
25 136 3094921
25 101 3094921
25 57 3094921
113 93 3094798
36 25 3094583
0 82 3094579
0 3 3094579
13 6 3094492
37 120 3094476
3 82 3094467
3 0 3094467
98 89 3094413
93 113 3094412
91 49 3094404
0 82 3094393
0 3 3094393
6 13 3094288
98 28 3094191
93 113 3094054
13 6 3094048
57 25 3094035
120 93 3094013
120 124 3094013
120 37 3093944
0 3 3093859
0 82 3093859
113 93 3093851
12 13 3093835
93 113 3093797
93 113 3093771
113 93 3093770
93 113 3093765
57 124 3093658
6 13 3093603
13 12 3087436
13 8 3087421
90 65 3084510
90 86 3084510
90 86 3084410
90 65 3084410
0 82 3084339
0 3 3084339
0 82 3084260
0 3 3084260
113 93 3084211
93 113 3083776
8 13 3083684
90 65 3083682
90 86 3083682
82 0 3083612
82 3 3083612
93 113 3083453
120 124 3083361
90 65 3081207
90 86 3081207
37 124 3081189
106 113 3081073
124 120 3081051
0 3 3080960
0 3 3080959
113 93 3080746
37 124 3080283
89 28 3080231
89 91 3080207
37 124 3080117
124 37 3080031
82 0 3080028
37 120 3079976
93 113 3078325
113 93 3077668
90 65 3077620
90 86 3077620
124 120 3077440
113 93 3077392
37 124 3077386
3 82 3077289
3 0 3077289
57 41 3076955
25 121 3076861
25 121 3076832
25 136 3076832
25 101 3076832
25 57 3076832
113 93 3076814
124 37 3076807
124 37 3076750
25 101 3076749
25 57 3076749
25 121 3076749
25 136 3076749
93 113 3076659
57 25 3076457
25 57 3076295
90 65 3074480
90 86 3074480
37 120 3074435
37 124 3074435
37 120 3074393
37 124 3074393
1 21 3074107
1 21 3073993
37 120 3073964
37 120 3073951
120 37 3073831
25 136 3073769
25 121 3073769
25 57 3073769
25 101 3073769
6 13 3073745
120 124 3073690
90 65 3073486
90 86 3073486
124 120 3073254
120 124 3073151
37 120 3073140
120 124 3073109
120 37 3073107
120 124 3073107
41 57 3072858
37 120 3071081
120 124 3070541
120 37 3070384
37 120 3070259
120 37 3070201
25 101 3070188
25 57 3070188
25 121 3070188
25 136 3070188
120 124 3069968
120 37 3069702
49 91 3069430
125 36 3069331
120 124 3060296
120 37 3060211
136 41 3060164
136 91 3060164
136 54 3060164
136 101 3060164
136 57 3060164
136 121 3060164
136 25 3060164
136 36 3060164
92 87 3060137
120 124 3060094
93 113 3060040
93 113 3060016
93 113 3059936
93 113 3059930
87 90 3059851
90 65 3059832
90 86 3059832
25 101 3059554
25 57 3059554
25 121 3059554
25 136 3059554
25 101 3059293
25 57 3059293
25 121 3059293
25 136 3059293
25 121 3059237
25 136 3059237
25 101 3059237
25 57 3059237
93 113 3059166
93 113 3059141
93 113 3059139
13 6 3056867
0 3 3056803
125 41 3056502
125 57 3056502
125 25 3056502
125 36 3056502
3 82 3056460
93 113 3056055
82 3 3055911
93 113 3055625
93 113 3055575
25 57 3054160
93 113 3053801
93 113 3053772
37 120 3053393
37 120 3053267
82 3 3053260
120 37 3053249
92 87 3053087
93 113 3052928
92 87 3052848
92 87 3052655
106 32 3052570
4 37 3052437
6 13 3052432
25 101 3052415
25 57 3052415
25 121 3052415
25 136 3052415
25 57 3052067
25 121 3052067
25 136 3052067
25 101 3052067
25 41 3052067
93 113 3050360
93 113 3050293
93 113 3050276
3 82 3050109
93 113 3049457
8 13 3049201
13 8 3049145
18 106 3048679
13 6 3046622
13 6 3046603
93 113 3046380
120 124 3046328
37 120 3046244
120 124 3046193
6 13 3046182
6 13 3046174
6 12 3046174
13 8 3046154
13 12 3046058
0 82 3045742
0 3 3045646
0 3 3045644
93 113 3045576
93 113 3045551
93 113 3045544
93 113 3045301
93 113 3045270
13 6 3042386
13 8 3037068
3 82 3036207
120 37 3036202
37 120 3036075
120 37 3036012
113 106 3035873
37 120 3035800
0 82 3035739
0 3 3035739
113 93 3035686
93 113 3035257
93 113 3034863
93 113 3033189
93 113 3033170
70 37 3032484
70 4 3032484
125 41 3032248
125 57 3032248
125 25 3032248
125 36 3032248
93 113 3032026
93 113 3031308
93 113 3031280
93 113 3031229
93 113 3031227
62 25 3029787
86 65 3029685
86 90 3029685
86 65 3029573
86 90 3029573
86 65 3029253
86 90 3029253
32 106 3029144
86 65 3029141
86 90 3029141
93 113 3028979
0 3 3028864
0 82 3028864
90 65 3028740
90 86 3028740
25 136 3028715
0 82 3028470
0 3 3028470
113 93 3028345
57 62 3028072
93 113 3026392
93 113 3026197
124 120 3025913
25 57 3025851
25 121 3025851
25 136 3025851
25 101 3025851
25 41 3025851
25 62 3025742
25 62 3025735
25 62 3025375
25 121 3025375
25 41 3025370
25 101 3025370
25 57 3025370
25 121 3025370
25 136 3025370
41 57 3025313
41 25 3025313
62 25 3025070
41 57 3025062
25 62 3025040
70 94 3024847
0 82 3024745
0 3 3024745
25 41 3024578
25 101 3024578
25 57 3024578
25 121 3024578
25 136 3024578
8 13 3024506
25 57 3024446
25 121 3024446
25 101 3024446
13 8 3023223
62 121 3022998
62 25 3022998
37 120 3022275
124 37 3022128
1 21 3022078
37 120 3021960
107 89 3021781
90 65 3021586
90 86 3021586
25 57 3021464
121 136 3021375
25 121 3021365
3 82 3021270
90 65 3021250
90 86 3021250
90 65 3021155
90 86 3021155
93 113 3021058
93 113 3021052
93 113 3014896
37 120 3012080
6 13 3011649
6 12 3011649
57 25 3011550
25 121 3011437
25 136 3011437
25 41 3011437
25 57 3011437
25 101 3011437
25 136 3011272
0 82 3011221
0 3 3011221
57 62 3011195
12 13 3011037
57 41 3011023
41 57 3010752
37 120 3008721
113 106 3008447
13 8 3008391
8 13 3008185
13 8 3008184
13 8 3008169
82 0 3008166
82 3 3008166
13 8 3008075
41 57 3007554
12 13 3007508
25 41 3007486
25 101 3007486
25 57 3007486
25 121 3007486
25 136 3007486
13 12 3007469
25 41 3007467
25 57 3007467
25 121 3007467
25 136 3007467
25 101 3007467
113 93 3007412
113 93 3004812
8 13 3004582
13 8 3004557
90 87 3004229
90 92 3004229
90 86 3004229
90 65 3004229
113 70 3004141
25 41 3001495
25 101 3001495
25 57 3001495
25 121 3001495
25 136 3001495
124 120 3001055
121 25 3001053
1 21 3000459
25 101 2998965
13 8 2998302
136 25 2998161
70 94 2998051
8 13 2997287
113 93 2997271
13 8 2994859
13 8 2994816
18 106 2987497
18 106 2987357
113 93 2984315
90 65 2984285
90 86 2984285
8 13 2984182
8 12 2984182
125 25 2983933
125 36 2983933
125 57 2983933
125 41 2983933
13 8 2983807
13 12 2983790
120 124 2983577
82 3 2983481
120 37 2983202
13 12 2981104
124 120 2980788
8 13 2980590
8 12 2980590
1 49 2980491
25 136 2980354
25 121 2980354
25 57 2980354
25 101 2980354
25 41 2980354
93 113 2980187
62 25 2979788
136 25 2979775
13 8 2979693
93 113 2979638
90 65 2979636
90 86 2979636
8 13 2979611
93 113 2979570
124 120 2977486
13 8 2977466
93 113 2977263
62 25 2977169
120 37 2977036
120 124 2977028
25 41 2976724
25 101 2976724
25 57 2976724
25 121 2976724
25 136 2976724
90 65 2976574
90 86 2976574
25 136 2976539
25 121 2976539
25 101 2976539
25 57 2976539
25 41 2976539
37 124 2976403
93 113 2974206
25 41 2973874
25 101 2973874
25 57 2973874
25 121 2973874
25 136 2973874
62 77 2973370
82 0 2973078
82 3 2973078
125 54 2972902
113 93 2972740
93 113 2972659
82 0 2963522
82 3 2963522
37 120 2963431
93 113 2963382
120 124 2963249
89 28 2962953
89 30 2962953
93 113 2962910
125 36 2962828
120 37 2962590
120 124 2960211
90 65 2960074
90 86 2960074
41 57 2959533
125 41 2959272
125 57 2959272
125 25 2959272
125 36 2959272
25 41 2959044
25 101 2959044
25 57 2959044
25 121 2959044
25 136 2959044
82 3 2956409
82 0 2956409
120 37 2956382
120 37 2955797
93 113 2955732
93 113 2955703
125 41 2955554
25 41 2955277
25 101 2955277
25 57 2955277
25 121 2955277
25 136 2955277
113 93 2954801
70 94 2953481
106 94 2953106
3 82 2951955
92 87 2949806
93 113 2949699
25 101 2949403
25 57 2949403
25 121 2949403
25 136 2949403
6 13 2949320
6 12 2949320
93 113 2949288
8 13 2948943
93 113 2946974
8 13 2939478
82 3 2939162
82 0 2939162
25 101 2938430
25 57 2938430
25 121 2938430
25 136 2938430
8 13 2938267
113 93 2935919
93 113 2935843
93 113 2935820
13 8 2935784
8 13 2935744
125 36 2935716
93 113 2935327
93 113 2935319
25 41 2935318
25 101 2935318
25 57 2935318
25 121 2935318
25 136 2935318
6 13 2935165
25 101 2934726
25 57 2934726
25 121 2934726
25 136 2934726
125 41 2934689
93 113 2932573
93 113 2932304
120 37 2932188
120 124 2932188
93 113 2932003
62 57 2931668
93 113 2931412
93 113 2931291
93 113 2931257
8 13 2931232
93 113 2929460
25 121 2928937
25 136 2928937
25 57 2928937
25 101 2928937
93 113 2928737
93 113 2928465
93 113 2928437
25 101 2928321
25 57 2928321
25 121 2928321
25 136 2928321
13 8 2928320
113 93 2914736
93 113 2912374
93 113 2912281
93 113 2912256
13 8 2911810
82 0 2911666
82 3 2911666
93 113 2911512
93 113 2911259
93 113 2911213
93 113 2911077
93 113 2911022
93 113 2910990
93 113 2910971
13 8 2910944
62 77 2908357
62 77 2908298
25 121 2908027
25 136 2908027
25 57 2908027
25 101 2908027
93 113 2907694
62 77 2907680
77 62 2907429
13 8 2907424
6 13 2907020
6 8 2907020
62 125 2906715
93 70 2904919
93 113 2904919
37 120 2904896
18 106 2904604
93 113 2904592
62 125 2904303
125 62 2904284
25 41 2904226
25 101 2904226
25 57 2904226
25 121 2904226
25 136 2904226
62 57 2903874
93 113 2903870
62 57 2903764
93 113 2903689
125 25 2901126
125 36 2901126
125 41 2901126
125 57 2901126
18 107 2900604
130 92 2900554
8 13 2900127
93 113 2897932
93 113 2897904
106 70 2894258
106 113 2894258
106 107 2894258
106 18 2894258
13 8 2893668
93 113 2890647
113 93 2889880
106 113 2889747
106 89 2887049
106 18 2887049
106 36 2887049
106 107 2887049
106 32 2887049
106 57 2887049
106 25 2887049
106 121 2887049
106 136 2887049
106 120 2887049
106 101 2887049
106 49 2887049
106 30 2887049
106 77 2887049
106 98 2887049
106 91 2887049
106 93 2887049
106 28 2887049
82 3 2886403
93 113 2886370
113 93 2886196
93 113 2886158
25 121 2884193
18 107 2884081
25 101 2883225
25 57 2883225
25 121 2883225
25 136 2883225
49 1 2883052
93 113 2880887
25 101 2880784
25 57 2880784
25 121 2880784
25 136 2880784
25 101 2880763
25 57 2880763
25 121 2880763
25 136 2880763
25 121 2880114
93 113 2880098
49 91 2879984
25 121 2879782
25 136 2879782
93 113 2879733
82 3 2879499
93 113 2876238
93 113 2875837
87 92 2870190
93 113 2866098
6 13 2865805
6 8 2865805
93 113 2865479
87 92 2864183
93 113 2863680
93 113 2859111
93 113 2858846
70 37 2856695
70 4 2856695
70 82 2856695
70 94 2856695
70 0 2856695
70 3 2856695
82 0 2855948
82 3 2855948
13 8 2855890
8 13 2855550
8 12 2855550
93 70 2855139
93 113 2855139
8 13 2852897
93 113 2852551
37 120 2852446
77 25 2852227
25 101 2852009
25 57 2852009
25 121 2852009
25 136 2852009
93 113 2849753
93 113 2849692
93 113 2849681
93 113 2849455
93 113 2849430
93 113 2849371
3 82 2842408
3 0 2842408
6 13 2842279
25 101 2841933
25 57 2841933
25 121 2841933
25 136 2841933
6 8 2841697
6 13 2841697
93 113 2841343
93 113 2839454
93 113 2839419
13 8 2838938
13 12 2838938
13 8 2838159
70 37 2835682
70 4 2835682
70 94 2835682
93 113 2834727
49 1 2834706
49 1 2834559
25 121 2831843
25 136 2831843
25 57 2831843
25 101 2831843
25 101 2831804
25 57 2831804
25 121 2831804
25 136 2831804
13 8 2827708
8 13 2827579
8 12 2827579
6 13 2818174
13 6 2818163
13 8 2818042
13 8 2818036
6 13 2817926
6 8 2817926
6 13 2817901
6 8 2817901
62 77 2817593
13 8 2815701
13 8 2815695
13 8 2815677
13 8 2815642
13 8 2815613
13 8 2815041
93 113 2814880
93 113 2814736
18 107 2814219
93 70 2811662
93 113 2811662
13 8 2811526
90 65 2811216
90 86 2811216
25 101 2811044
25 57 2811044
25 121 2811044
25 136 2811044
13 8 2810842
92 87 2810792
82 3 2810507
82 0 2810507
113 93 2810439
13 8 2810350
86 87 2809478
86 90 2809478
25 101 2807577
25 57 2807577
25 121 2807577
25 136 2807577
30 36 2807368
25 121 2804679
25 136 2804679
25 57 2804679
25 101 2804679
13 8 2804513
25 101 2803704
25 57 2803704
25 121 2803704
25 136 2803704
6 13 2803620
6 8 2803620
25 101 2803535
25 57 2803535
25 121 2803535
25 136 2803535
93 113 2803268
49 91 2800333
13 8 2796951
92 87 2794634
92 87 2794202
92 130 2793788
13 8 2793470
6 13 2793384
6 8 2793384
13 8 2793330
82 3 2790770
82 3 2790568
92 87 2790312
62 30 2782747
6 13 2779524
8 13 2765863
37 120 2763156
25 101 2762978
25 57 2762978
25 121 2762978
25 136 2762978
70 37 2762332
70 4 2762332
70 82 2762332
70 94 2762332
70 0 2762332
70 3 2762332
82 3 2762246
82 107 2762246
82 0 2762246
49 91 2759678
37 120 2759523
13 8 2758641
8 13 2758458
25 121 2756227
25 101 2755514
25 57 2755514
25 136 2755514
13 6 2745711
13 8 2745630
6 8 2745623
6 13 2745623
8 13 2744968
82 0 2742336
82 3 2742336
82 0 2742254
82 3 2742254
30 36 2741626
70 37 2741402
70 4 2741402
70 94 2741402
82 0 2738961
30 36 2737586
30 36 2737579
30 36 2737575
30 36 2737568
49 91 2735777
37 120 2732160
92 87 2711314
6 8 2710438
8 13 2710331
90 87 2707916
82 0 2707385
13 8 2706900
3 82 2706627
3 0 2706627
92 90 2698042
92 130 2698042
92 130 2697750
37 120 2693183
36 54 2690335
36 80 2690335
36 125 2690335
92 130 2687737
41 57 2683578
13 8 2682840
92 130 2673452
21 1 2669063
92 130 2666519
82 3 2666014
18 8 2665370
18 13 2665370
92 90 2659559
92 130 2659559
37 120 2659187
130 90 2658772
92 130 2648776
49 91 2638733
145 82 2624136
145 82 2623905
145 0 2623905
145 3 2623905
1 49 2623627
0 3 2620310
0 82 2620310
36 125 2620039
145 3 2619948
92 130 2618106
125 36 2617243
13 8 2616747
145 3 2616511
4 90 2615911
6 13 2614562
6 8 2614562
21 1 2613870
3 0 2613588
3 145 2613588
3 82 2613588
145 3 2613528
145 3 2613278
145 3 2613259
145 0 2613129
0 82 2612690
0 3 2612690
82 0 2612644
82 3 2612644
92 130 2611008
136 62 2610487
0 82 2609808
0 3 2609808
0 3 2609757
0 82 2609757
0 82 2609443
0 3 2609443
145 0 2609359
37 120 2601648
92 87 2600531
37 120 2600208
3 82 2599197
3 0 2599197
3 145 2599197
3 82 2599144
3 0 2599144
3 145 2599144
82 3 2595400
82 0 2595400
120 37 2593768
0 82 2593056
0 3 2593056
0 82 2592806
0 3 2592806
120 37 2592184
145 0 2592031
1 21 2589724
57 41 2589603
125 54 2589294
125 36 2589294
0 3 2589105
0 82 2589105
136 25 2588988
0 82 2588798
0 3 2588798
145 3 2588496
145 0 2588414
136 25 2575427
136 25 2575370
145 3 2575228
136 25 2572661
57 41 2572345
3 145 2572020
0 3 2571432
0 82 2571432
0 82 2571420
0 3 2571420
4 90 2571084
90 4 2568559
37 120 2566483
18 13 2565777
18 8 2565777
0 82 2565230
0 3 2565230
90 4 2565060
1 21 2565049
37 120 2565043
90 4 2565004
4 90 2564956
125 36 2564762
0 145 2564553
145 3 2564433
18 13 2564337
18 8 2564337
1 21 2562533
0 3 2561205
0 145 2561205
0 3 2561184
0 145 2561184
0 3 2561013
0 145 2561013
4 90 2560927
21 1 2551553
57 41 2551481
3 0 2551252
3 145 2551252
3 0 2551192
3 145 2551192
125 36 2551103
4 90 2551072
37 120 2549023
37 120 2548987
113 98 2548818
113 107 2548286
113 18 2548286
113 106 2548286
113 98 2548096
125 36 2547719
37 120 2547583
113 106 2547568
113 107 2547568
113 18 2547568
37 120 2547547
3 0 2547537
3 145 2547537
37 120 2545612
13 8 2545588
13 8 2545553
3 145 2544904
3 0 2544904
37 120 2544172
0 3 2543649
0 145 2543649
37 120 2540493
90 4 2540352
57 25 2538741
37 120 2538036
37 120 2538031
62 136 2537942
136 62 2537923
3 145 2537532
57 25 2537301
57 41 2528119
57 41 2528066
57 41 2527980
1 49 2527545
57 41 2526679
57 41 2526626
57 41 2526540
120 37 2526398
1 49 2526105
1 49 2525191
18 6 2524521
8 6 2524440
37 120 2524053
37 120 2523844
1 49 2523751
0 145 2523192
0 3 2523192
1 21 2521675
1 21 2520664
1 21 2520235
1 21 2519224
57 25 2517813
57 25 2516373
57 41 2504349
57 41 2504320
57 41 2504263
57 41 2504068
136 25 2503812
57 41 2502909
57 41 2502880
57 41 2502823
57 41 2502628
120 25 2500159
25 136 2497281
1 21 2497180
1 21 2496878
136 25 2496384
1 21 2495740
1 21 2495438
136 25 2494082
25 136 2493604
92 130 2493388
120 25 2492860
90 4 2492361
120 25 2492289
4 90 2492256
4 90 2492172
4 90 2492119
4 90 2492114
90 4 2492104
4 90 2492078
0 3 2491668
0 145 2491668
1 49 2489745
4 90 2489637
3 145 2489443
3 0 2489443
121 25 2489106
120 37 2488888
1 49 2488305
92 130 2480968
57 41 2479692
57 41 2479588
136 121 2479373
92 130 2478952
4 90 2478895
4 90 2478784
0 145 2478744
0 3 2478744
120 37 2478564
120 37 2478556
57 41 2478252
57 41 2478148
41 57 2478127
4 90 2477880
90 4 2477690
4 90 2477580
25 57 2476303
4 90 2475782
4 90 2475484
4 90 2475472
90 4 2475300
145 0 2475170
145 3 2475170
120 37 2474810
92 130 2473819
1 21 2472314
92 130 2471803
0 3 2471433
0 145 2471433
37 120 2471258
1 21 2470874
0 3 2470867
0 145 2470867
57 41 2469072
37 120 2468865
37 120 2468745
37 120 2468284
57 41 2467632
145 0 2467480
145 3 2467480
121 136 2465952
4 90 2465313
0 3 2465181
0 145 2465181
145 0 2464704
145 3 2464704
145 3 2464692
145 0 2464692
145 82 2464569
145 0 2464569
145 3 2464569
4 90 2464557
57 41 2455420
3 0 2454866
3 145 2454866
57 41 2453980
1 21 2452720
1 21 2451592
1 21 2451280
37 120 2451259
148 113 2451254
0 145 2451196
0 3 2451196
1 21 2450152
25 136 2448741
8 6 2448632
8 6 2448619
91 49 2447880
0 3 2447061
0 145 2447061
145 0 2447028
145 3 2447028
3 0 2446680
3 145 2446680
57 121 2445482
120 37 2444150
57 121 2444042
0 3 2443524
0 145 2443524
18 32 2443096
37 120 2442667
37 120 2441227
145 0 2440742
145 3 2440742
145 0 2440632
145 3 2440632
145 3 2440401
145 0 2440401
3 0 2439909
3 145 2439909
120 37 2439897
92 130 2431992
145 0 2430468
145 3 2430468
0 3 2430141
0 145 2430141
92 130 2429976
92 130 2428252
57 41 2426973
57 41 2426270
57 41 2426232
57 25 2425776
57 25 2425773
3 0 2423481
3 145 2423481
145 0 2423306
145 3 2423306
145 0 2423265
145 3 2423265
6 8 2420353
4 90 2420275
4 90 2420229
57 41 2419720
3 145 2419538
3 0 2419538
4 90 2419080
4 90 2417124
57 41 2416617
41 57 2416610
41 57 2416065
6 8 2414685
6 8 2406337
1 21 2406072
1 21 2406057
1 21 2406045
37 120 2405474
0 145 2403002
0 3 2403002
145 0 2402935
145 3 2402935
4 90 2402896
4 90 2402846
3 0 2402640
3 145 2402640
92 130 2400172
37 120 2399270
57 41 2398123
57 91 2398123
57 25 2398111
37 120 2395768
0 145 2395612
57 25 2394801
57 25 2394799
6 8 2382654
92 130 2382136
0 3 2381220
0 145 2381220
57 41 2377831
57 41 2377699
0 3 2374644
0 145 2374644
3 0 2374180
3 145 2374180
57 41 2371735
120 37 2370607
0 3 2370547
0 3 2368116
0 145 2368116
37 120 2367866
57 41 2367175
57 91 2367175
6 8 2358253
6 8 2358178
92 87 2358050
0 3 2357956
0 145 2357956
113 149 2357880
148 149 2357227
149 148 2357128
149 113 2357128
149 87 2357128
149 90 2357128
149 92 2357128
148 149 2357073
148 149 2356999
148 149 2356963
92 130 2356725
92 149 2356725
92 87 2356725
148 149 2353500
37 120 2351642
148 149 2351073
57 41 2347903
57 121 2347903
57 25 2347903
57 136 2347903
57 41 2347176
41 57 2346964
145 0 2346830
145 3 2346830
145 0 2346760
145 3 2346760
145 3 2346748
145 0 2346748
57 41 2346319
57 121 2346319
57 25 2346319
57 136 2346319
41 57 2344200
148 149 2343412
120 37 2343168
3 0 2343062
149 113 2330400
145 0 2330400
145 0 2330397
145 0 2330328
8 6 2330157
145 0 2330140
145 0 2329627
145 0 2329531
37 120 2327791
25 57 2327678
25 136 2327678
25 120 2327618
37 120 2326552
37 120 2323807
3 0 2323046
3 145 2323046
92 149 2323024
25 136 2322540
8 6 2320950
1 21 2319828
3 0 2319633
3 0 2319573
3 145 2319573
25 57 2319261
25 136 2319261
149 25 2319007
149 113 2319007
149 107 2319007
92 149 2318896
149 25 2318887
149 113 2318887
149 107 2318887
1 21 2312923
1 21 2312769
1 21 2312649
1 49 2312649
37 120 2309568
3 0 2309488
3 145 2309488
0 3 2309265
0 145 2309265
3 0 2309253
3 145 2309253
21 1 2308872
37 120 2305514
25 57 2303527
37 120 2302596
57 41 2302557
4 90 2302411
145 0 2302084
145 3 2302084
145 0 2301573
145 3 2301573
37 120 2298187
92 87 2295914
37 120 2295856
3 0 2295079
3 145 2295079
37 120 2294860
25 57 2289036
25 136 2289036
21 1 2284730
149 148 2282107
149 25 2282107
149 113 2282107
149 107 2282107
145 0 2282001
145 3 2282001
120 37 2281464
57 41 2281188
41 57 2281161
92 87 2281118
57 41 2281072
41 57 2281027
57 41 2281017
37 120 2280933
57 41 2278555
57 41 2278504
37 120 2277840
37 120 2277561
37 120 2274825
57 121 2274679
37 120 2274201
120 37 2274112
145 3 2273964
145 0 2273964
120 37 2273935
25 136 2272627
145 0 2270882
145 3 2270882
37 120 2270592
0 3 2261318
0 145 2261318
57 25 2261049
57 136 2261049
37 120 2260836
37 120 2260384
41 57 2260190
0 145 2257584
0 3 2257584
37 120 2257562
37 120 2257476
37 120 2257406
120 37 2257154
1 21 2256984
120 37 2256732
1 21 2256686
149 113 2256667
57 41 2254226
37 120 2254070
0 3 2253696
0 145 2253170
0 3 2253170
149 25 2250753
149 113 2250753
149 107 2250753
120 37 2250105
120 37 2250086
41 57 2249860
37 120 2236615
37 120 2236298
120 37 2236118
120 37 2236012
120 37 2235919
25 136 2235871
120 37 2233574
37 120 2233372
149 113 2233291
149 107 2233291
149 25 2233291
149 148 2233180
149 25 2233180
149 113 2233180
149 107 2233180
149 148 2233094
149 25 2233094
149 113 2233094
149 107 2233094
149 113 2232559
149 107 2232559
149 25 2232559
149 148 2232559
91 49 2232424
0 3 2230111
0 145 2230111
92 130 2229880
92 87 2229880
21 1 2229393
37 120 2229379
25 136 2227740
57 41 2226460
57 41 2225844
57 41 2225839
145 0 2222820
145 3 2222820
41 57 2222520
57 41 2222486
41 57 2222347
0 3 2222210
0 145 2222210
148 87 2221992
148 90 2221992
148 92 2221992
148 86 2221992
148 149 2221992
148 130 2221992
120 25 2212730
49 91 2209576
57 41 2208895
41 57 2208895
57 41 2208878
41 57 2208864
0 3 2208722
0 145 2208722
149 148 2208561
149 25 2208561
149 113 2208561
149 107 2208561
41 57 2205883
145 0 2204793
41 57 2204726
25 57 2202672
41 57 2201308
1 21 2199088
1 49 2199084
1 21 2198544
1 21 2198157
1 21 2198150
113 149 2197920
149 113 2190295
149 107 2190295
149 25 2190295
149 148 2190295
92 130 2187343
149 148 2185224
149 25 2185224
149 113 2185224
149 107 2185224
1 21 2185058
1 21 2184612
37 120 2184357
149 148 2184134
149 25 2184134
149 113 2184134
149 107 2184134
0 145 2184069
0 3 2184069
0 3 2184024
0 145 2184024
41 57 2177944
1 21 2177846
57 41 2177832
41 57 2177812
57 41 2177800
1 21 2177788
149 148 2177172
149 25 2177172
149 113 2177172
149 107 2177172
25 136 2175753
145 3 2174380
145 3 2174301
145 3 2174073
92 130 2174020
92 87 2174020
120 37 2173915
0 3 2164509
0 145 2164509
148 149 2164267
148 25 2164267
148 113 2164267
148 107 2164267
41 57 2163564
92 149 2163093
92 149 2160590
136 41 2160403
136 91 2160403
136 49 2160403
136 57 2160403
136 121 2160403
136 25 2160403
41 57 2159788
25 136 2154926
25 136 2154902
25 57 2154859
92 149 2153318
25 120 2150169
25 57 2150162
91 49 2149754
57 25 2140015
41 57 2136084
57 41 2136079
92 130 2135637
149 113 2132594
149 107 2132594
57 25 2130148
6 8 2112549
57 41 2112405
41 57 2112211
41 57 2108407
149 90 2108378
25 57 2105565
1 21 2104396
57 41 2102184
1 21 2102008
41 57 2090882
92 130 2090798
92 130 2090769
0 3 2090704
0 145 2090704
57 41 2087560
41 57 2085028
41 57 2084992
41 57 2084980
57 41 2084961
41 57 2084930
41 57 2084925
57 41 2084450
41 57 2084289
57 41 2084241
41 57 2083828
92 87 2081181
120 37 2080404
25 136 2078582
37 120 2067655
25 136 2064996
91 49 2060606
21 1 2060534
21 1 2060464
1 125 2060102
120 37 2059615
21 1 2056612
92 87 2042925
1 21 2042884
21 1 2042808
21 1 2039313
21 1 2039311
41 57 2039181
57 41 2036481
41 57 2036452
37 120 2036318
120 37 2035584
120 37 2035540
37 120 2033457
120 37 2033263
37 120 2033054
37 120 2032896
149 113 2029603
37 120 2029512
91 49 2029202
37 120 2028736
120 37 2028597
113 106 2022028
37 120 2019508
37 120 2019506
37 120 2018630
148 130 2015594
148 149 2015594
148 86 2015594
148 87 2015594
148 90 2015594
148 92 2015594
148 92 2015140
148 90 2015140
148 87 2015140
148 149 2015140
148 130 2015140
37 12 2013708
25 57 2013208
37 120 2012616
37 120 2012443
92 87 2012421
120 37 2012385
92 130 2012356
92 87 2012356
148 87 2011344
148 90 2011344
148 92 2011344
148 149 2011344
148 130 2011344
120 37 2011281
37 120 2009160
113 149 2008569
149 113 2008068
0 3 2007914
0 145 2007914
149 87 2007859
37 120 2005704
37 120 2005432
149 87 2005164
92 87 2005029
149 87 2004823
149 87 2004806
37 120 2004792
149 148 2004664
149 113 2004621
0 3 2004511
0 145 2004511
0 3 2004369
0 145 2004369
37 120 1995208
57 41 1991611
21 1 1990903
120 37 1990862
0 145 1990795
0 3 1990795
41 57 1988073
92 130 1987826
92 87 1987826
1 21 1987464
41 57 1987418
57 41 1987408
37 120 1987310
41 57 1987128
82 0 1984720
82 3 1984720
8 6 1984286
0 3 1983628
0 145 1983628
91 49 1983463
92 87 1981384
41 57 1981341
1 21 1981166
1 21 1981106
148 149 1981099
41 57 1981005
6 8 1980885
91 49 1980751
91 49 1980686
0 3 1970815
0 145 1970815
8 6 1970668
6 8 1970215
4 94 1969953
120 37 1969754
8 6 1967428
1 21 1967277
148 113 1966896
0 3 1966860
0 145 1966860
120 37 1966444
1 21 1966423
25 136 1964882
25 136 1964865
37 120 1964371
41 57 1964049
25 136 1961536
25 136 1961517
25 136 1961500
1 21 1960569
1 21 1960473
145 4 1960432
57 41 1960228
4 145 1960010
149 87 1959736
41 57 1959494
92 87 1957034
120 37 1956535
149 113 1956513
4 145 1939380
145 4 1939185
149 113 1936156
149 148 1936113
149 113 1936051
148 113 1935796
149 148 1935727
148 149 1935600
120 37 1931906
1 21 1928908
148 113 1922551
148 87 1921893
57 41 1921737
41 57 1921399
0 145 1918495
0 3 1918495
0 3 1918454
0 145 1918454
57 41 1918288
92 87 1918048
148 113 1917960
41 57 1915716
82 0 1915596
82 3 1915596
41 57 1914852
41 57 1914420
57 41 1911964
37 120 1909029
37 120 1908998
92 87 1908859
92 87 1908724
41 57 1908578
57 25 1908316
57 41 1908266
37 120 1907940
149 113 1898287
148 149 1898284
148 113 1898284
0 3 1897610
1 21 1897552
149 113 1895020
0 3 1893770
37 1 1891809
37 1 1891305
148 130 1891281
148 149 1891281
148 87 1891281
148 90 1891281
148 92 1891281
1 21 1891041
37 1 1890775
149 148 1888260
145 3 1887835
8 6 1887652
148 149 1887583
149 113 1886906
25 57 1885413
25 136 1885413
41 57 1884516
148 149 1883791
120 37 1883733
149 148 1883697
41 57 1883616
25 136 1881777
25 136 1881568
37 120 1873752
0 3 1873485
37 120 1873425
149 113 1870932
37 120 1870932
120 37 1870740
13 6 1870298
13 8 1870298
41 57 1869777
0 3 1869753
0 145 1869753
120 37 1869672
148 149 1869439
37 120 1867176
0 3 1867099
0 145 1867099
41 57 1867027
13 8 1866873
41 57 1866412
41 57 1866369
0 3 1866091
82 0 1863676
82 3 1863676
148 130 1863408
148 149 1863408
148 87 1863408
148 90 1863408
148 92 1863408
41 57 1862949
37 120 1862889
8 6 1862827
41 57 1862635
41 57 1862625
41 57 1862577
41 57 1859508
41 57 1859500
37 120 1859455
41 57 1859445
0 3 1859392
0 145 1859392
41 57 1859352
37 120 1859304
120 37 1859275
0 145 1850107
0 3 1850107
149 113 1849852
120 37 1849711
37 120 1849644
37 120 1849629
0 3 1849598
0 145 1849598
149 113 1849406
113 149 1849284
149 113 1849106
149 113 1846240
0 3 1845940
37 120 1845806
148 149 1845712
120 37 1845657
148 149 1842866
120 37 1842811
8 6 1842775
120 37 1842760
13 6 1842069
13 8 1842069
148 149 1839180
57 41 1838892
57 49 1838892
1 21 1838800
57 49 1838750
57 41 1838750
37 120 1836127
1 21 1835767
37 120 1835683
37 120 1835421
57 41 1835306
41 57 1834989
149 113 1825502
37 120 1824976
41 57 1824595
41 57 1822377
149 113 1822255
37 120 1822214
41 57 1821508
37 120 1819202
1 21 1818844
149 148 1818624
25 136 1818350
25 57 1815624
25 136 1815624
82 0 1815256
82 3 1815256
0 3 1815204
0 145 1815204
41 57 1814498
149 113 1814486
41 57 1814246
0 3 1801639
0 145 1801639
0 3 1801519
0 145 1801519
57 41 1798195
41 57 1798159
1 21 1798032
57 41 1797912
0 3 1797552
41 57 1797403
0 3 1793817
41 57 1793652
1 21 1790954
41 57 1790743
57 41 1790292
41 57 1790193
1 21 1787724
0 3 1786725
0 145 1786725
1 21 1783572
41 57 1776765
149 113 1773763
149 113 1773561
25 136 1773252
4 94 1772832
120 37 1770573
41 57 1769995
149 113 1769344
25 57 1767856
120 37 1766390
120 37 1766184
1 21 1766119
120 37 1765891
120 37 1765884
37 120 1762826
57 41 1762768
41 57 1762718
120 37 1762576
0 3 1762576
0 145 1762576
149 113 1762452
149 113 1762440
1 21 1753106
1 21 1753096
41 57 1749744
41 57 1749134
41 57 1748786
57 41 1745827
41 57 1745803
41 146 1745683
41 57 1745131
4 0 1741788
1 21 1741699
120 37 1739496
41 57 1738927
1 21 1738756
1 21 1738550
41 57 1738471
120 37 1738332
82 0 1728784
82 3 1728784
1 125 1728144
41 57 1725319
41 57 1724959
41 57 1724908
41 57 1721092
41 57 1720908
146 25 1718827
41 57 1717980
120 37 1717828
41 57 1714898
57 41 1714864
41 57 1714840
8 6 1704057
148 149 1703772
57 41 1701345
1 21 1700097
41 57 1697503
1 21 1696840
57 41 1696778
41 57 1696740
57 25 1693216
25 136 1691947
120 37 1691011
0 3 1690257
41 146 1690219
25 136 1688143
25 136 1688136
25 136 1688128
25 146 1687821
149 90 1680868
149 113 1680254
149 113 1679810
57 41 1679726
148 149 1676404
57 41 1676373
57 41 1676366
41 57 1676289
41 57 1676287
57 41 1676277
0 3 1676208
57 25 1675941
41 57 1673750
1 21 1673678
1 21 1673510
0 3 1673481
57 41 1672977
41 57 1672905
149 113 1672634
41 57 1670296
57 41 1670282
41 57 1670198
41 57 1670138
41 57 1670040
1 21 1669653
146 41 1669538
41 146 1669485
41 57 1669171
41 57 1669168
41 57 1669075
37 120 1656652
41 146 1655733
146 41 1655704
41 146 1655524
125 41 1652618
125 57 1652618
125 25 1652618
125 146 1652618
120 37 1652546
41 57 1652349
1 125 1651924
41 125 1651920
41 57 1651752
149 148 1649560
1 21 1649366
1 21 1649352
149 113 1648893
1 21 1648768
41 57 1648526
149 113 1647321
1 21 1645831
1 21 1642425
41 57 1642269
57 41 1641758
113 106 1632379
1 21 1632060
1 125 1631071
1 21 1631071
41 57 1631016
1 21 1627740
41 57 1627591
41 57 1627492
148 149 1621500
41 57 1621411
149 148 1619616
57 41 1618257
57 41 1618173
1 21 1618111
8 6 1618068
120 37 1617782
57 41 1617609
41 57 1617540
41 57 1617492
41 57 1617297
41 57 1614967
41 57 1607414
57 41 1607227
41 57 1607198
145 3 1607128
149 87 1604265
41 57 1603989
149 113 1600665
57 41 1597660
8 6 1597300
32 18 1596744
0 3 1596513
0 145 1596513
57 41 1593292
41 57 1593189
41 57 1593141
57 41 1593127
57 41 1593091
41 57 1593055
41 57 1583565
41 57 1582555
41 57 1580198
1 21 1579816
1 21 1579591
13 6 1572412
13 8 1572412
57 41 1569960
41 57 1569955
57 41 1569902
41 57 1569897
57 41 1569837
57 41 1569801
41 57 1569799
41 57 1569516
57 41 1569386
41 57 1569369
41 57 1569177
37 120 1559853
37 94 1559853
37 120 1559779
37 94 1559779
57 41 1555291
41 57 1555068
120 37 1552730
41 57 1551504
57 41 1545825
8 6 1545724
57 41 1545700
1 21 1535176
1 21 1534591
1 21 1534159
8 6 1531567
8 13 1531567
1 21 1531413
57 41 1531180
1 21 1530729
57 41 1527679
41 57 1527614
57 41 1527388
149 113 1523973
1 21 1521787
1 21 1521780
1 21 1520462
41 57 1510773
41 57 1510732
1 21 1510178
41 57 1507099
57 41 1507024
41 57 1503837
57 41 1503532
149 148 1497182
41 57 1480216
57 41 1480209
41 57 1480183
41 57 1479962
25 136 1476926
25 57 1476926
25 136 1476912
145 3 1476592
41 57 1476012
41 57 1475961
145 3 1475920
145 3 1473571
145 3 1473518
145 3 1472289
145 3 1463097
145 3 1462941
145 3 1462226
25 57 1462144
145 3 1461902
145 3 1461876
145 3 1461813
145 3 1461808
41 57 1459636
145 3 1459497
145 3 1459226
41 57 1454791
1 21 1454709
145 3 1438533
41 57 1438466
57 41 1438454
41 57 1438440
41 57 1438428
41 57 1438156
145 3 1438113
145 3 1437902
1 21 1435927
145 3 1435466
145 3 1435380
1 21 1435195
145 3 1434650
145 3 1434643
145 3 1434638
145 3 1434460
41 57 1431364
145 3 1431230
145 3 1431225
145 3 1430683
41 57 1430630
41 57 1427788
57 41 1427426
1 21 1427308
145 3 1424421
1 21 1423692
25 136 1414274
1 21 1414243
145 82 1411245
145 3 1411245
145 3 1411048
1 21 1410691
1 125 1400608
145 3 1400020
145 3 1399754
145 3 1399672
145 3 1390430
113 149 1390260
145 82 1390248
145 3 1390248
145 3 1389628
41 57 1389552
57 25 1389552
145 3 1386700
145 3 1380297
41 57 1379577
41 57 1379553
25 136 1378644
145 3 1376548
57 41 1375567
37 120 1366053
37 120 1366010
145 3 1365184
41 57 1362252
41 57 1362110
145 3 1361649
145 3 1359331
37 120 1359235
37 120 1358592
57 41 1358469
1 21 1354552
1 21 1352304
1 21 1352260
145 3 1352160
145 3 1338144
37 120 1337767
41 57 1334296
145 3 1330588
145 3 1330584
1 21 1317290
145 3 1314626
1 21 1313704
145 3 1311139
145 3 1307040
145 3 1307013
145 3 1306365
145 3 1304100
145 3 1303663
145 3 1303576
41 57 1302856
145 3 1302825
145 3 1293520
145 3 1292632
145 3 1290350
145 3 1289172
145 3 1289152
1 21 1285581
62 57 1283344
62 25 1283344
145 3 1283330
145 3 1283085
145 3 1283076
1 21 1282591
145 3 1279166
145 3 1279152
41 57 1278501
145 3 1269602
145 3 1269571
145 3 1269261
145 3 1269244
145 3 1268462
145 3 1266252
145 3 1266211
145 3 1265342
1 21 1261932
145 3 1259244
145 3 1258221
145 3 1255956
145 3 1255524
1 21 1255317
41 57 1254194
145 3 1244354
145 3 1244325
145 3 1244239
145 3 1241889
1 21 1241594
145 3 1240608
1 21 1240380
145 3 1235114
145 3 1235102
145 3 1235042
145 3 1235037
145 3 1234106
145 3 1234101
145 3 1233964
145 3 1231687
145 3 1231432
145 3 1231039
145 3 1230328
145 3 1230218
41 57 1230110
145 3 1221201
145 82 1220764
1 21 1220258
37 120 1219900
149 113 1219888
3 145 1217385
1 21 1217059
145 3 1213605
145 3 1213442
145 3 1213240
145 3 1211020
145 3 1210188
1 21 1209285
3 82 1207092
3 145 1207092
1 21 1206628
1 21 1206247
1 21 1206187
41 57 1206009
1 21 1205841
145 3 1193697
3 145 1192430
3 82 1192430
82 145 1189833
82 3 1189833
145 82 1189272
82 3 1188902
82 145 1188902
145 3 1185756
145 82 1185712
145 3 1171584
3 82 1168992
3 145 1168992
3 82 1168958
3 145 1168958
3 145 1168291
3 82 1168291
41 57 1165507
3 82 1161345
3 145 1161345
145 3 1158712
41 57 1157968
145 82 1140890
3 82 1138195
3 145 1138195
145 3 1138116
145 82 1137482
145 82 1137463
145 82 1137456
1 21 1137372
41 57 1134386
145 3 1134273
145 82 1133772
145 3 1133772
41 57 1133332
82 3 1124054
82 3 1122993
82 145 1122993
82 3 1121013
82 145 1121013
41 57 1119895
1 21 1115944
1 21 1113895
1 21 1113607
82 145 1113182
1 21 1109601
41 57 1109172
41 57 1109155
41 57 1096356
41 57 1096171
41 57 1092184
41 57 1085409
41 57 1085188
41 57 1064325
41 57 1062127
41 57 1061532
41 57 1051689
1 21 1039968
145 82 1037260
145 3 1037260
145 82 1037244
3 145 1037083
1 21 1023693
1 21 1015960
21 1 1013757
145 82 1013001
145 3 1013001
41 57 1012948
1 21 991843
1 21 981789
41 57 951300
21 1 940200
41 57 923635
41 57 920347
41 57 920246
149 113 919327
1 21 916785
1 21 916725
41 57 916576
41 57 898552
149 113 894919
1 21 891564
1 21 885470
1 21 879580
1 21 879417
1 21 867640
41 57 854493
1 21 851611
1 21 851529
1 21 850737
41 57 850195
41 57 844219
41 57 844046
41 57 832819
1 21 830472
37 12 830426
82 3 826267
82 145 826267
1 21 826082
1 21 809258
1 21 805824
1 21 805382
1 21 805068
1 21 803601
1 21 802152
1 21 801933
1 21 799447
1 21 799437
1 21 798996
1 21 798379
1 21 798283
1 21 798225
1 21 796608
1 21 795820
1 21 795736
1 21 795676
1 21 795674
1 21 795590
1 21 795576
1 21 795573
1 21 795552
1 21 795520
1 21 795516
1 21 795513
1 21 795393
1 21 795194
1 21 795160
1 21 795158
1 21 795156
1 21 795153
1 21 795151
1 21 795148
1 21 795146
1 21 795144
1 21 795081
41 57 794793
1 21 782805
1 21 781821
41 57 747228
1 21 746539
1 21 736651
149 113 733303
149 113 730392
149 113 729093
149 113 699657
145 82 608656
145 3 608656
37 145 1634
